-1021.6813949931 19837026.593768325 -0.0034045757854609376 0.6282843086139642 -14468.91411024027 18597304.06633926 0
-1021.6813949931 19837026.593768325 0.024757871607365277 0.7342653765248108 96765.79111779087 18898706.37335356 1
-15254.407814647175 19974253.845846437 -0.0001136969106513686 0.6618116554548772 -15706.589083741916 18817047.901966434 0
-15254.407814647175 19974253.845846437 0.027855268648143 0.7639421000555019 95528.11614428923 19121879.024252176 1
13919.406957831896 19762414.602923434 -0.009044389101673829 0.7027781399097959 -21669.33068297109 18733483.17418012 0
13919.406957831896 19762414.602923434 0.019224384178411734 0.8683693046243227 89565.37454506003 19264012.66082612 1
38679.47733073197 18285185.014839593 -0.0025916918393595863 0.7438057061767145 29243.735288061176 17446144.727636963 0
38679.47733073197 18285185.014839593 0.027960868466905157 0.8684910990421562 140478.44051609232 17825048.83278771 1
-93866.74016800002 18020833.525504526 -0.0069583548281703786 0.5963144277999383 -118834.22444008342 16819921.33120502 0
-93866.74016800002 18020833.525504526 0.024042387567370635 0.7374762443232871 -7599.519212052276 17177225.95179496 1
-48466.287921137446 17699665.671777755 0.000873153987507579 0.5661595255747098 -45389.13383333258 16454069.23762921 0
-48466.287921137446 17699665.671777755 0.03243641785004941 0.6682826218987526 65845.57139469858 16691833.169305358 1
12434.139550554173 16533528.562109845 -0.004336961373837691 0.699663857881846 -1843.1064780700592 15665069.7988388 0
12434.139550554173 16533528.562109845 0.029452511682590412 0.8221156307325306 109391.5987499611 15985256.577448577 1
-54074.6686542083 13067747.525487628 0.007351509364986067 0.9068320334680594 -34946.62346176304 12828245.373825377 0
-54074.6686542083 13067747.525487628 0.050102505034857504 1.0865796175537437 76288.08176626811 13295085.053182501 1
-22426.170937856907 13025987.376023145 0.02243217004319999 1.891209212107274 35754.03853946831 16005065.46609491 0
-22426.170937856907 13025987.376023145 0.06532022157819654 1.9721440606470306 146988.74376749946 16333414.024475891 1
7675.6523855208525 12977299.90689432 0.008407328473689172 1.8825210766940088 29399.447402619546 15910520.490153411 0
7675.6523855208525 12977299.90689432 0.051456284873340676 1.9596071759181226 140634.1526306507 16220383.813102067 1
-23496.306107586126 11928754.668564564 0.008245729898454849 2.09767210707887 -3911.5778151246013 15428656.127013072 0
-23496.306107586126 11928754.668564564 0.05507871736438961 2.174175285033114 107323.12741290654 15726685.52565059 1
23625.20922421664 16196263.72092555 -0.009277796220836847 0.9658940162158598 -6294.1996157842295 16079308.269114261 0
23625.20922421664 16196263.72092555 0.025215295982601894 1.2340853812414965 104940.50561224691 17007229.681954186 1
-793.9922619069616 16287947.194535205 -0.000800631462947266 0.9852224302549585 -3390.5162834282446 16231423.061281571 0
-793.9922619069616 16287947.194535205 0.033498302049345285 1.080941300714525 107844.1889446029 16550127.513565399 1
125197.92058211664 16581873.904763661 -0.04286047117354224 0.8330612207977468 -16311.022912010003 16064088.699123448 0
125197.92058211664 16581873.904763661 -0.009169513137936708 0.951947364622587 94923.68231602114 16417794.614539802 1
-17213.64115146945 16843138.388278887 0.0011642983125317898 0.6390569711145234 -13309.00452079643 15814796.421209889 0
-17213.64115146945 16843138.388278887 0.03433265476716171 0.7912085214980635 97925.70070723472 16198713.76479199 1
12336.573077931916 17046720.877362527 -0.0027482316348932116 0.5070308250329143 3008.594848834235 15731337.648789993 0
12336.573077931916 17046720.877362527 0.03002400778265811 0.7080898008449238 114243.30007686539 16173708.729825443 1
-65064.78135352499 16636871.186510714 0.009773353220716806 0.44989288051759874 -32689.869976209124 15255235.175913524 0
-65064.78135352499 16636871.186510714 0.04335293748353539 0.6464805572911434 78544.83525182202 15640525.714442017 1
28995.54249442079 16270277.1727966 0.004386670192690473 0.816470370419149 43206.49782504223 15714158.893962258 0
28995.54249442079 16270277.1727966 0.03872285340235059 0.9430594278818215 154441.20305307338 16083686.536481736 1
4523.182145861122 16225917.365053246 -0.000861725685539712 0.8592606800465231 1739.166719922168 15790231.664354121 0
4523.182145861122 16225917.365053246 0.033568328733467365 0.9806531349334606 112973.87194795332 16156571.276062572 1
37946.38482411247 16179434.897694185 0.0015944651726109245 0.9130620888412482 43082.937256576224 15901344.438985886 0
37946.38482411247 16179434.897694185 0.03612343490546065 1.0252929073366475 154317.64248460738 16254081.03130332 1
71946.90170572081 16838345.586318895 -0.014380602992134844 0.6102559673010515 23733.269043987762 15746510.062586864 0
71946.90170572081 16838345.586318895 0.018797194375974997 0.6890540599718943 134967.9742720189 15928378.035930978 1
11695.902476204104 16680660.800792502 -0.0013292118149052907 0.5657136228361151 7281.206676855369 15505879.691777295 0
11695.902476204104 16680660.800792502 0.03216222024218403 0.7315085376285481 118515.91190488651 15885216.868454717 1
13044.395784451399 16787985.451805282 -0.0032399893825917733 0.4876026993824568 2214.219881456076 15457691.890125185 0
13044.395784451399 16787985.451805282 0.03003733382458434 0.6588159599988015 113448.92510948722 15809670.62293376 1
-25295.630639729152 12625430.53439893 -0.012693672100641002 1.3661821988050062 -57205.63117879646 13660337.213006146 0
-25295.630639729152 12625430.53439893 0.03155505402041967 1.4464948917858516 54029.074049234725 13919894.12056788 1
-9205.31978169721 12346563.652545111 -0.01671765928915082 1.4337816224382205 -50302.77292049163 13571091.758669822 0
-9205.31978169721 12346563.652545111 0.028530495063654335 1.5486889438512057 60931.932307539515 13947858.929048255 1
-162735.46210463886 11536327.183182608 0.014576470619577885 1.490969895251405 -129253.3161317953 12853247.122282483 0
-162735.46210463886 11536327.183182608 0.06300256057058895 1.6095341052487617 -18018.61090376413 13228128.768370278 1
-40503.60406188191 13133027.668917948 -0.007019124694198375 0.905136059973875 -58858.044805895435 12888248.765546586 0
-40503.60406188191 13133027.668917948 0.03551936924343938 1.0513387909549963 52376.66042213571 13263466.13041301 1
-70199.78130983748 12896579.521689568 -0.0020990581889374525 0.8594432882956878 -75589.82589595218 12550706.698503437 0
-70199.78130983748 12896579.521689568 0.04121934394532903 1.0151307879432425 35644.87933207898 12930076.349362897 1
-31339.204528365284 12611129.534458067 0.0013134977781007306 0.8834024096848972 -28041.006951624015 12326422.268867778 0
-31339.204528365284 12611129.534458067 0.04561240188107107 1.0815960805045537 83193.69827640713 12816816.571889775 1
-101929.28933815277 13363455.39538636 0.02012953697213042 0.5202282246205774 -48368.63268323026 12352186.095386555 0
-101929.28933815277 13363455.39538636 0.061934534358507626 0.7671977220986805 62866.07254480089 12803489.411330216 1
-83137.64726217778 13351595.475600788 0.011025837373596943 0.5053600416622904 -53826.14431426585 12319046.768295592 0
-83137.64726217778 13351595.475600788 0.05286796919207585 0.7262520099345141 57408.56091376526 12706223.085103748 1
-61865.22265504578 13262084.83890309 0.014057506936536552 0.5725999104453336 -24744.754266579504 12339367.949453983 0
-61865.22265504578 13262084.83890309 0.05618204652915928 0.7822217929173069 86489.95096145164 12737513.064602312 1
-97984.05452250694 12120788.386798372 0.016761043874339604 0.650412276242514 -57533.426264725254 11399770.54214468 0
-97984.05452250694 12120788.386798372 0.06285204060237184 0.871743916906853 53701.27896330593 11825891.685281917 1
-73420.10896944304 11893278.178503256 0.004936164802240689 0.6678622185431002 -61730.91495174637 11214328.993112952 0
-73420.10896944304 11893278.178503256 0.05190885050691503 0.9120484837746059 49503.79027628481 11689239.312221829 1
-21062.48073360415 11635110.630986625 0.00037764874096278073 1.1573147976490814 -20187.593866357052 12013820.867725153 0
-21062.48073360415 11635110.630986625 0.04839259553392871 1.311716847446591 91047.11136167412 12434316.867645917 1
-36046.81365002365 11668230.231262796 0.008037198588506947 1.1804873282107209 -17374.289562627393 12108596.448546039 0
-36046.81365002365 11668230.231262796 0.05591585771714448 1.348817986244619 93860.41566540375 12576748.77649418 1
-79026.33285495552 11620821.24779131 0.021807314020887803 1.199916835285134 -28568.065040180198 12110985.56463427 0
-79026.33285495552 11620821.24779131 0.0698813017335269 1.3164623809627296 82666.64018785092 12434683.339054314 1
12554.121357945809 12776415.042159196 -0.009444344181099464 1.4614725905177355 -11471.473891789776 14135457.462893736 0
12554.121357945809 12776415.042159196 0.034281475310021424 1.5757415053320338 99763.23133624134 14528216.772382297 1
9359.195567066678 10474947.78766778 0.05148496844339062 3.18625723643566 116739.7537168654 17569987.289845526 0
9359.195567066678 10474947.78766778 0.10481785651132049 3.2560982458385896 227974.45894489656 17850389.77978673 1
27329.000012169447 10273666.937545829 -0.012129066786184596 4.259430745894821 2517.889173473877 21542672.072212506 0
27329.000012169447 10273666.937545829 0.04224871490298386 4.230964771522037 113752.59440150502 21425634.973306593 1
-14683.365138037461 13277867.256230215 0.006760430150720919 3.4863525350293934 3189.5746288097675 23789069.005467974 0
-14683.365138037461 13277867.256230215 0.048834899423258776 3.5485797927888405 114424.27985684085 24109829.114681073 1
87215.3346044083 18916533.32399566 -0.035704852895211844 2.3844829730596495 -47266.039246641754 26265338.82237223 0
87215.3346044083 18916533.32399566 -0.006171998840582583 2.47492637865043 63968.66598138939 26850902.922537066 1
46289.83404466249 23445036.04075219 -0.022464657829686024 1.5407978135114708 -58578.423497459386 26435048.53701922 0
46289.83404466249 23445036.04075219 0.0013638070490214747 1.569140426922459 52656.28173057173 26615246.341790263 1
130821.14904974998 26215358.99620476 -0.04436148341872976 1.1507130744028133 -100734.40846224916 27034266.143614657 0
130821.14904974998 26215358.99620476 -0.023051105103560655 1.1853077958375224 10500.29676578198 27234220.745109916 1
-101367.66074159443 29148704.049146004 0.00783787751835157 0.7063255712707632 -55878.171291201346 27646254.581671994 0
-101367.66074159443 29148704.049146004 0.02700371133844769 0.7568282456679271 55356.53393682983 27872042.060109574 1
-83770.2537090097 29350925.251908004 0.0014820996512723134 0.72140517603913 -75108.76505674413 27903860.365331847 0
-83770.2537090097 29350925.251908004 0.020515885233237188 0.7687889449919129 36125.940171287046 28120109.793870043 1
-140291.15413863753 29975434.563148014 0.004699788430703806 0.7420036640044014 -112240.87838650055 28591671.86017345 0
-140291.15413863753 29975434.563148014 0.023337023420581617 0.787369225475201 -1006.1731584694016 28808257.30994979 1
-88215.49346767362 30646841.957122345 -0.004152617872430729 0.7189276036442863 -113555.16825343823 29124520.959492736 0
-88215.49346767362 30646841.957122345 0.014076314774486329 0.7557932130931772 -2320.4630254070803 29298231.679626342 1
-76833.79354308202 30933431.530202087 1.2807413795058893e-05 0.7341883272844394 -76754.9106408243 29468282.43659634 0
-76833.79354308202 30933431.530202087 0.018072854108958643 0.7762009176575052 34479.79458720685 29672633.483691648 1
-144914.2870240139 31243093.99024246 0.004956667721179963 0.5642385613075894 -114079.7678327686 29037222.32483738 0
-144914.2870240139 31243093.99024246 0.022837714267068474 0.6148219080157159 -2845.062604737461 29236577.272711392 1
-130387.94481867224 31814791.594085153 0.0015496666693690156 0.4806581970317179 -120571.35342756739 29270703.720167235 0
-130387.94481867224 31814791.594085153 0.01910939879035384 0.5333326229663479 -9336.648199536246 29454181.163769834 1
-137095.1810877486 32193473.38636597 -0.0009220991721831388 0.3835080033690827 -143005.8795899834 29326503.349194854 0
-137095.1810877486 32193473.38636597 0.016431083293480496 0.4513129825258749 -31771.174361952253 29524855.826638114 1
-110637.9764561709 31092152.91247807 -0.000997714493311662 0.39605071313370643 -116814.58979814913 28356317.34142 0
-110637.9764561709 31092152.91247807 0.01697013802078333 0.4715322175243535 -5579.88457011797 28577502.839067686 1
-182995.43784036112 28051742.353068773 0.009137207407397019 0.3122296099056155 -131960.60885774193 25402014.37965767 0
-182995.43784036112 28051742.353068773 0.029052520005296283 0.42244037387919137 -20725.903629710796 25651260.97121091 1
-171821.2820295709 24487391.36162479 0.003911549685579689 0.5798771412223268 -152749.78816011574 22805150.714033496 0
-171821.2820295709 24487391.36162479 0.02672570778134947 0.6135675594584145 -41515.0829320846 22911150.40686833 1
-279247.46200206666 21507721.94545761 0.00870468904659119 0.7102346165811023 -241970.45681541495 20411588.73015355 0
-279247.46200206666 21507721.94545761 0.03467950959215262 0.7855890925057256 -130735.7515873838 20665223.12046227 1
-48060.777522908356 17412529.131578017 0.002102633908908571 0.863349222326916 -40770.9230397575 16957471.797598675 0
-48060.777522908356 17412529.131578017 0.03418638312509531 0.9769391665169728 70463.78218827366 17325564.892160214 1
-74188.36372590694 18068488.399365205 0.009159389654609806 0.6123683800142494 -41236.37006205227 16901643.11347621 0
-74188.36372590694 18068488.399365205 0.040078368903406415 0.7401091298741754 69998.33516597888 17231512.224992443 1
-44982.85439321391 17172136.64189656 0.0028643099808433226 0.5818568034465662 -35189.359726621806 15996632.977291169 0
-44982.85439321391 17172136.64189656 0.03539719913303413 0.7322548455132343 76045.34550140936 16355522.617571656 1
-87793.64022449723 15942690.462594934 0.004843323594866184 0.6346933941961838 -72419.23089181539 14959998.315846572 0
-87793.64022449723 15942690.462594934 0.03988503874249654 0.7896295801638099 38815.474336215746 15329161.33752252 1
-46490.484248379165 15676458.91283096 0.00021278428281269537 0.5230764016975997 -45826.311803486074 14494600.432949156 0
-46490.484248379165 15676458.91283096 0.035849608962641395 0.7124984916908866 65408.393424545065 14884379.920035768 1
-37584.86507154026 14039205.319452161 0.001318381847064189 0.5714540477187828 -33899.5291584961 13060223.297315637 0
-37584.86507154026 14039205.319452161 0.04111117674999499 0.7785611942888205 77335.17606953504 13473903.48936616 1
-40764.59176937499 12621783.646103492 0.0037409865757443697 0.6628795996121823 -31363.02530710346 11892435.486497037 0
-40764.59176937499 12621783.646103492 0.04800249774889464 0.9308190088266931 79871.6799209277 12448797.272708729 1
-42099.04132532916 11606032.28851053 0.005082200262797896 0.7868041947530857 -30354.69395929923 11152554.257420657 0
-42099.04132532916 11606032.28851053 0.05321744614093866 1.0364535346026207 80880.01126873193 11687300.18844969 1
-27415.89200162639 11672984.697951594 -0.003622642312519243 0.8029552915536085 -35835.67135886096 11247748.704215296 0
-27415.89200162639 11672984.697951594 0.044236515592067926 1.0309442149417343 75399.0338691702 11740817.959053377 1
-15476.188404593078 10898269.416039176 0.018972227005744833 0.7641222802558232 25692.704808114566 10433132.858563067 0
-15476.188404593078 10898269.416039176 0.0702335049711167 1.0277968362502343 136927.41003614577 10957215.29282925 1
-4170.090835813889 10841762.87458334 0.017483833696232166 0.6902222166593798 33572.343707125714 10257645.40324268 0
-4170.090835813889 10841762.87458334 0.06901228200667954 0.8511150442375544 144807.04893515687 10539493.779856117 1
-18752.73291081248 10972467.952098092 0.0027291048617015382 1.1944274365152288 -12790.377184121242 11421168.01234452 0
-18752.73291081248 10972467.952098092 0.05364374141530126 1.3458565735597732 98444.3280439099 11818556.306765445 1
20445.20249264584 10798796.661565896 0.002285002902317513 1.2043484461002598 25358.300853786433 11264836.003570948 0
20445.20249264584 10798796.661565896 0.054018472416140724 1.4042614974692933 136593.00608181758 11790043.714961262 1
53761.731675147224 9032087.293739086 -0.017311052804486617 1.4007397740871024 22629.880425180192 9851330.68746744 0
53761.731675147224 9032087.293739086 0.04454167289540222 1.6385698355230947 133864.5856532113 10428769.230517762 1
3816.093914009755 10252506.999402035 -0.00130656080041843 0.7389923761334852 1148.9095408097987 9774448.67222338 0
3816.093914009755 10252506.999402035 0.05318345007298825 1.054438077793636 112383.61476884094 10362168.92742277 1
37410.33069261942 10126629.405033737 -0.018882357195257833 0.9144104945609707 -662.4384021112598 9955381.097537417 0
37410.33069261942 10126629.405033737 0.03628498383525298 1.1738887193326466 110572.26682591988 10494755.345444294 1
7002.135566151391 9534553.73491744 0.002379035770593089 0.9900581901374867 11518.559310500561 9510523.135485325 0
7002.135566151391 9534553.73491744 0.060972152282294474 1.2783891782523142 122753.26453853173 10113845.290138721 1
-454.7277964402818 9726751.37900894 0.011224993599975905 0.8491547062508232 21284.65733598443 9448557.79600108 0
-454.7277964402818 9726751.37900894 0.06866032797921413 1.137732991572994 132519.36256401558 10004859.46038482 1
4305.015285254146 9922062.869000455 0.006847737189769207 1.4686607433864725 17833.289505947716 10996158.884043798 0
4305.015285254146 9922062.869000455 0.06315248200473265 1.6434127334719772 129067.99473397886 11471268.458115656 1
24223.03777615279 9814420.240229057 -0.006866313471419407 1.5194461031698039 10805.228457100102 11009248.830765376 0
24223.03777615279 9814420.240229057 0.050055970698476344 1.6989578690689016 122039.93368513127 11500962.986132212 1
13501.623589147213 9767759.713379743 -0.006386955284062459 1.6370528647371698 1079.8908103337144 11272723.1527573 0
13501.623589147213 9767759.713379743 0.050807246280074235 1.794428047449814 112314.59603836486 11718615.075159192 1
13579.732891415266 11560947.281101733 -0.0015302307209909053 0.952195122306653 10057.292303984435 11447020.315720616 0
13579.732891415266 11560947.281101733 0.04679273142851351 1.1657074384652577 121291.99753201558 11960811.62472832 1
2589.3661725541783 11434785.333714584 0.000965440139066362 0.9300244438659514 4787.462427233596 11274236.11360665 0
2589.3661725541783 11434785.333714584 0.04982155781623266 1.1422856584319907 116022.16765526474 11771181.964236686 1
23746.951901223612 11703946.542280579 -0.0064082548772996396 1.062760737786133 8813.31988802335 11846766.735856734 0
23746.951901223612 11703946.542280579 0.04132429549440064 1.2255958790872987 120048.0251160545 12267843.754920593 1
-174.58450786806642 12070941.774430357 -0.0003517150591674073 0.9009398087502233 -1019.9129039432701 11836667.617739897 0
-174.58450786806642 12070941.774430357 0.04592961313516554 1.0901355223894384 110214.79232408787 12289656.992120367 1
-34350.75917102086 12033527.994765317 0.005902038480390835 0.9102516127021846 -20209.491312162398 11820508.514390323 0
-34350.75917102086 12033527.994765317 0.0523272612513119 1.1117185836602703 91025.21391586875 12307698.285102531 1
828.9311493180278 11521154.903492127 0.0056911957613638995 0.532402443179898 13884.412221115675 10664748.92585885 0
828.9311493180278 11521154.903492127 0.05418105832781217 0.8631881390239085 125119.11744914683 11222503.752466101 1
-12272.894357756939 11537486.832664957 0.0023540171876420793 0.7731664583088406 -6865.174476972179 11061322.713506041 0
-12272.894357756939 11537486.832664957 0.050775239762338144 1.002252837888236 104369.53075105896 11538594.993912242 1
2615.9158819416743 11614664.521336572 0.009298378056211084 0.7735235574338436 24119.319627286994 11136056.579900153 0
2615.9158819416743 11614664.521336572 0.05739784893208675 1.0271824305878827 135354.02485531813 11674528.60977649 1
18187.790636411104 11306816.148043253 -0.0009700702560992924 0.8040390256287321 16003.869968429357 10896933.121790545 0
18187.790636411104 11306816.148043253 0.048438995086647625 1.0228056641744305 127238.5751964605 11354234.073346965 1
32445.909823256978 11471808.530161183 -0.008143624378757543 0.9487258945334549 13844.62413802448 11351244.087545585 0
32445.909823256978 11471808.530161183 0.04055481897551327 1.1528851758950134 125079.32936605562 11835389.721748978 1
18696.676572579145 11525955.010216352 -0.018330295388388342 1.2733291182321027 -23370.147270275866 12209388.977489403 0
18696.676572579145 11525955.010216352 0.030139373058340087 1.4044141680666318 87864.55795775529 12582704.797814632 1
-3616.4625957055223 11463347.548403287 0.012264143988650857 1.3861529960114796 24376.060142532835 12460572.958249073 0
-3616.4625957055223 11463347.548403287 0.06099853117513284 1.523363128833973 135610.76537056398 12873979.49456348 1
-12030.738598061105 10414227.718682121 0.000786535415851496 1.3076951217536124 -10399.795941355927 11117570.591880282 0
-12030.738598061105 10414227.718682121 0.054430380448634325 1.3377253068040174 100834.90928667522 11196406.325712534 1
-17033.081232675 11450632.533838138 0.01207804676958924 0.8008568197404672 10504.102611628487 11029658.042372135 0
-17033.081232675 11450632.533838138 0.060866549607854536 0.999056114139681 121738.80783965964 11445500.554647174 1
-21468.83925677919 11535019.161524132 0.0013336479676777783 1.1456077042112163 -18405.79785491213 11880585.118923536 0
-21468.83925677919 11535019.161524132 0.04976522922941874 1.2672519409665228 92828.90737311903 12204179.333048943 1
-25089.76272715415 11155973.100148635 0.010497703296608908 1.2650780956213874 -1771.5590445450669 11795397.325249797 0
-25089.76272715415 11155973.100148635 0.06057484249925288 1.4451623060827863 109463.1461834861 12298070.707869865 1
-5030.405849265287 11145703.163779689 0.005278167341475866 1.2767880611687257 6683.020927370423 11815526.139925396 0
-5030.405849265287 11145703.163779689 0.055401448902802186 1.4736377430012113 117917.72615540157 12369272.946313292 1
-2868.0016158166445 11747838.247910287 0.016261326693552 0.78108156997152 35169.0873596196 11278175.779293543 0
-2868.0016158166445 11747838.247910287 0.06381554101689524 1.006630157205597 146403.7925876507 11760599.440318706 1
9134.261282731964 12025927.690770645 -0.004430552278883636 1.3168964276779533 -1474.6249677130127 12865070.842163539 0
9134.261282731964 12025927.690770645 0.042024010915092724 1.4467039235680028 109760.08026031814 13260249.66754575 1
-7560.664068295848 12026064.732907085 0.0010387804703087344 1.3993413844171618 -5073.2925765505925 13112330.391626462 0
-7560.664068295848 12026064.732907085 0.047492814294725814 1.571739635224413 106161.41265148055 13662688.191814763 1
24530.73858596807 12229630.376042895 0.02420640085375728 1.7087699468326591 83474.37039516128 14364158.53218802 0
24530.73858596807 12229630.376042895 0.06988719419739545 1.828616695469279 194709.07562319248 14798650.407224465 1
9714.30507930277 13687318.524708474 0.007681918309535825 2.06445261779507 30649.711573440487 17557563.789235976 0
9714.30507930277 13687318.524708474 0.0484977447892512 2.0036820789112904 141884.41680147167 17296128.84478111 1
-18178.232563354177 13956898.071621142 0.013553205416119055 2.975148227089717 19485.5788604906 22310213.1594449 0
-18178.232563354177 13956898.071621142 0.05358066818114622 2.980648497174129 130720.28408852176 22340412.824890245 1
-24372.489224333378 15770745.944406576 0.0025064188873339557 2.9894840848697934 -16502.04529226365 25292996.08933246 0
-24372.489224333378 15770745.944406576 0.037930185134436266 2.9941692815993264 94732.65993576749 25321426.416213427 1
4180.475011044451 18927948.297689702 -0.002485634356843879 2.5001089089299806 -5187.249781170232 27032140.2031782 0
4180.475011044451 18927948.297689702 0.027029409169837926 2.5601971090604563 106047.45544686094 27429386.110828042 1
15809.984944429249 23894549.014978528 0.0019323489957479266 1.5842056647640306 25003.418531678526 27224466.27259591 0
15809.984944429249 23894549.014978528 0.02531254409911207 1.6137132519981006 136238.12375970965 27420957.62314919 1
69295.6202478376 27149994.64269425 -0.01142421503474125 0.990858792744791 7538.155863802113 27086115.71361649 0
69295.6202478376 27149994.64269425 0.009152555798155533 1.0230505639567409 118772.86109183326 27260314.318006482 1
3173.6868504776517 29439070.359640505 -0.0002736450845153369 0.6044818384793913 1569.6841980923998 27507763.662543856 0
3173.6868504776517 29439070.359640505 0.018703150413857086 0.6640326427709224 112804.38942612354 27743512.167860556 1
11542.354082318085 30077141.530537028 -0.0007601403934439758 0.43467900959691563 6990.12918219799 27535302.91673721 0
11542.354082318085 30077141.530537028 0.017814072096459483 0.5073894863001291 118224.83441022913 27758267.622722555 1
16631.14104028903 29549099.477022514 -0.00039104023306160837 0.4433465172472237 14330.446126407127 27076218.787286412 0
16631.14104028903 29549099.477022514 0.018515093211428312 0.5064178875660247 125565.15135443826 27267875.552883927 1
-27551.027069093143 29927242.066758517 0.004401890149512893 0.25507023699630926 -1320.9699634426959 26993766.636857484 0
-27551.027069093143 29927242.066758517 0.023069137088970168 0.3570973680543305 109913.73526458845 27199724.47674861 1
-9035.161633515192 29947088.885287225 0.003448167343264258 0.4747608861832269 11525.462094731918 27534195.00988188 0
-9035.161633515192 29947088.885287225 0.022103042947936465 0.5264045222332621 122760.16732276307 27701830.423362657 1
-23665.022169831685 29912629.316418406 0.0011389752126090237 0.547859029583957 -16881.391405616094 27742467.60393109 0
-23665.022169831685 29912629.316418406 0.019815341371115156 0.602938817591403 94353.31382241505 27945347.108074807 1
-24801.80923886678 29115428.8399564 0.0015992170477904274 0.6591480341585998 -15530.865592958813 27417856.708143115 0
-24801.80923886678 29115428.8399564 0.020786954963243075 0.7128528109176495 95703.83963507233 27643770.410549447 1
4462.617463118066 29609041.416662876 -0.0024969036852014585 0.6851194245466339 -10257.777985725159 27991281.931777358 0
4462.617463118066 29609041.416662876 0.016370955291236132 0.7264395507671876 100976.92724230599 28172401.117782786 1
33556.640884268265 29011833.34019097 0.002486971983576872 0.6374651568029632 47922.758115588505 27234331.7961489 0
33556.640884268265 29011833.34019097 0.021743225503521355 0.6924621362553756 159157.46334361963 27458593.519589487 1
7038.150303241589 27176579.79716875 0.0016949819199624846 0.5821996122951476 16209.921427901034 25317372.044412967 0
7038.150303241589 27176579.79716875 0.022251623780219526 0.6259303998230005 127444.62665593218 25470804.929578003 1
12288.898774387522 23433097.662055984 -0.0012227092903504674 0.39956122383051335 6584.022186909952 21378303.722955566 0
12288.898774387522 23433097.662055984 0.02261789539341284 0.5053318813963361 117818.7274149411 21621612.63629941 1
-30221.75702754015 19320765.0134791 -0.00324598399256118 0.4609536174820996 -42708.927237155636 17737124.19170834 0
-30221.75702754015 19320765.0134791 0.025668979648233954 0.5999248583389443 68525.7779908755 18043091.771734543 1
29156.145059202798 15689466.95467982 -0.008887000427872145 0.5266973646492664 1393.7628372458448 14513125.933737475 0
29156.145059202798 15689466.95467982 0.026720277976857804 0.702697470773481 112628.46806527699 14873243.006925054 1
1974.1831138347172 14696766.818096925 -0.0009032870718677163 0.41550870005386376 -669.0832980033487 13428777.442137562 0
1974.1831138347172 14696766.818096925 0.037109101965235855 0.6786698365618332 110565.6219300278 13881918.114430228 1
-8677.714809029136 14617041.075540615 -0.009070604428980588 0.4752673580057542 -35076.809531823135 13440165.720899364 0
-8677.714809029136 14617041.075540615 0.029149115621743354 0.7286004874078246 76157.895696208 13913316.975601872 1
3236.9394525277944 13589473.225205814 0.0007631673642173618 0.6212722480250881 5301.91898619469 12727587.304709233 0
3236.9394525277944 13589473.225205814 0.04187287107524064 0.8269093880559226 116536.62421422584 13150830.119173532 1
17668.517133049998 13527341.180133615 -0.01254377957588478 0.655426844618513 -16117.282083899876 12731842.210265389 0
17668.517133049998 13527341.180133615 0.028754743943101173 0.9263629203908261 95117.42314413129 13329070.799960507 1
-46351.710881050014 13532231.69119544 0.009918324422124947 0.6193063834855974 -19627.73483178865 12670596.187846756 0
-46351.710881050014 13532231.69119544 0.05120192276906863 0.814384078659595 91606.9703962425 13067885.47165229 1
19997.478432591673 13723931.18176076 -0.016743593467170047 0.485242993945753 -25755.62332681758 12633365.28335506 0
19997.478432591673 13723931.18176076 0.023963344689118486 0.744512492286257 85479.08190121358 13096341.184081323 1
-50240.95362801945 12346233.0978156 0.00413994461207633 0.5154305311295397 -40063.89345727364 11404947.764717426 0
-50240.95362801945 12346233.0978156 0.04938931042681522 0.8239859922702487 71170.81177075753 11942314.371967105 1
-30394.407098209733 11575569.022230031 -0.0013927622992557594 0.5431200389464612 -33604.46370183649 10729364.646695571 0
-30394.407098209733 11575569.022230031 0.04686916044546901 0.8323120396139028 77630.24152619467 11212976.068735942 1
-22807.180511461094 10401242.526553199 -0.007264177875815313 0.8141973886026477 -37851.2396613893 10041799.905523485 0
-22807.180511461094 10401242.526553199 0.04644663758213611 1.1008960597877178 73383.46556664185 10613587.899923615 1
-43181.15938053195 7781291.125241326 0.004579734098885328 1.1857394988154966 -36085.622417648505 8084166.244694158 0
-43181.15938053195 7781291.125241326 0.0763749167858419 1.518049977678495 75149.08281038265 8728890.43609962 1
-43258.00460306803 7668338.564053979 0.0303262609698318 1.3610898256852755 3045.4598387964443 8287580.770052421 0
-43258.00460306803 7668338.564053979 0.10317896735604433 1.6226304956858217 114280.16506682755 8824463.505198937 1
-58168.21379659722 7997108.092827132 0.009203768996875467 1.1832833516848897 -43513.00483133926 8303982.544144306 0
-58168.21379659722 7997108.092827132 0.07906142396319693 1.1411507397611058 67721.70039669187 8232714.240070193 1
-51903.55145897917 7747521.5798136005 0.010257211313097928 1.0947870074334585 -36080.67502577419 7894344.895642477 0
-51903.55145897917 7747521.5798136005 0.08236533158380467 1.4568259631849705 75154.03020225695 8565963.76327748 1
-46498.06511536946 8389571.23984651 0.009089366468091935 0.6802773638536922 -31314.74602289546 7925424.40903538 0
-46498.06511536946 8389571.23984651 0.07567908862501536 1.1216053083843054 79919.95920513569 8600602.617462242 1
-35199.117812761106 8316969.031109103 -0.0017281666336782637 1.0358257172852852 -38060.94917955617 8372275.639997736 0
-35199.117812761106 8316969.031109103 0.06544284431844445 1.4008247485603524 73173.75604847498 9073952.484910967 1
-53363.12481412776 8277116.752078734 0.006072406490243474 1.0316553310406882 -43355.44836255616 8325151.2560713375 0
-53363.12481412776 8277116.752078734 0.07356682932012465 1.419009527402471 67879.25686547498 9069628.063692797 1
